$ANSIBLE_VAULT;1.1;AES256
31386539353837623738666261353939356337366233323464376339313662396433313238333330
6134663137303432316131346238336361613161626365610a303630383764336564343636326238
33663930613631326537626639373733303266323533623036346330626363313436653033346137
6134376135343761390a353032363332616135393863373065623239333432613936633162633830
35343466386336323532393930653837383663656230383733363036343262663364326332313832
36323662396166393566636231613561646664386263643763306436333063666339636165613633
37383138336539663265383863386163656532666137333561396230363735623438633438633163
63323363306234396462323034653930356338316639326537336265633432623032376538386534
64303730363262656336316635626138363037393836663063343063306538643864663563646332
66336166373531346137623361316337646431356532393166633665323635616536303730386663
38616439313439393066326131653035646132646433303736376435383037643261383334376138
32386237383630396636656333303936656431613035333363316362313462326239663061363334
66393461656331633138323934326661383634653137623034326636393739376334313731333261
35393165633563333965346433346535663764363430393239336165626364356531343737643264
35623239373135633832343334366338336366323933373763343537303436616634363139363865
63363433353866616432366161303664326131653139646266323236326661323563396262373862
34346236333233623139383732396665343534366663626162393631343665333363363763303432
61386634643466373834636339646266646139323330666266653862346337386436623231366463
39613336336164383164653563366534333532303434663365306564636536346363363236386532
65613931356461633835626331643332386161623562383030653939383061303730666235353430
34366634616536373962396263313830383734663030663831333961373638386439383866323364
37363639643933313662613837323730303965353532356265643263386261613666653530396436
31316665313965393130303934383762663139666130363563343162343262653439643533663036
33396431323266356434633534633364333962636162623030626637653065383863653665323535
63643435663632303264356363303031383630313462343166663865363833666464363736643837
62656238333439383134363331623265346164333863363931643338303365306430393136373035
38393331306230633761366539626530343762613333383530336164623230616162633239643430
62393632366562323433643630343038306230666463663564653635323531306335623164306162
3161
